-0.000000 0.751840 0.000000 0.659346 -20.430557 0.000000 2.689734 0.000000 0.831470 0.000000 0.555570 -19.038248 -0.000000 7.885901 0.000000 0.896873 -0.000000 0.442289 -16.348514 -0.000000 12.544656 -0.000000 0.946930 0.000000 0.321439 -12.544656 -0.000000 16.348514 -0.000000 0.980785 -0.000000 0.195090 -7.885901 -0.000000 19.038248 -0.000000 0.997859 0.000000 0.065403 -2.689734 -0.000000 20.430557 -0.000000 -0.997859 -0.000000 0.065403 2.689734 -0.000000 20.430557 -0.000000 -0.980785 0.000000 0.195090 7.885901 -0.000000 19.038248 0.000000 -0.946930 -0.000000 0.321439 12.544656 -0.000000 16.348514 0.000000 -0.896873 0.000000 0.442289 16.348514 -0.000000 12.544656 0.000000 -0.831470 -0.000000 0.555570 19.038248 -0.000000 7.885901 -0.000000 -0.751840 -0.000000 0.659346 20.430557 0.000000 2.689734 
0.000000 0.751840 0.000000 0.659346 -20.430558 -0.000001 2.689734 0.000000 0.831470 0.000000 0.555570 -19.038250 -0.000003 7.885901 0.000000 0.896873 0.000000 0.442289 -16.348516 -0.000008 12.544657 0.000000 0.946930 0.000000 0.321439 -12.544658 -0.000012 16.348514 0.000000 0.980785 0.000000 0.195090 -7.885902 -0.000015 19.038248 0.000000 0.997859 0.000000 0.065403 -2.689735 -0.000016 20.430556 0.000000 -0.997859 -0.000000 0.065403 2.689733 -0.000016 20.430556 0.000000 -0.980785 -0.000000 0.195090 7.885900 -0.000014 19.038248 0.000000 -0.946930 -0.000000 0.321439 12.544656 -0.000011 16.348514 0.000000 -0.896873 -0.000000 0.442289 16.348515 -0.000007 12.544656 0.000000 -0.831470 -0.000000 0.555570 19.038249 -0.000003 7.885901 0.000000 -0.751840 -0.000000 0.659346 20.430557 -0.000001 2.689734 
0.000000 0.751840 -0.000000 0.659346 -20.430557 -0.000000 2.689734 0.000000 0.831470 -0.000000 0.555570 -19.038249 -0.000000 7.885901 0.000000 0.896873 0.000000 0.442289 -16.348515 -0.000002 12.544656 0.000000 0.946930 0.000000 0.321439 -12.544657 -0.000003 16.348514 -0.000000 0.980785 0.000000 0.195090 -7.885901 -0.000003 19.038248 -0.000000 0.997859 0.000000 0.065403 -2.689734 -0.000003 20.430557 0.000000 -0.997859 0.000000 0.065403 2.689734 -0.000003 20.430557 0.000000 -0.980785 0.000000 0.195090 7.885900 -0.000002 19.038248 0.000000 -0.946930 -0.000000 0.321439 12.544656 -0.000002 16.348514 0.000000 -0.896873 -0.000000 0.442289 16.348514 -0.000001 12.544656 0.000000 -0.831470 -0.000000 0.555570 19.038248 -0.000000 7.885901 0.000000 -0.751840 0.000000 0.659346 20.430557 -0.000000 2.689734 
-0.000000 0.751840 0.000000 0.659346 -20.430557 0.000000 2.689734 0.000000 0.831470 0.000000 0.555570 -19.038248 -0.000000 7.885901 0.000000 0.896873 -0.000000 0.442289 -16.348514 0.000000 12.544656 -0.000000 0.946930 0.000000 0.321439 -12.544656 0.000000 16.348514 -0.000000 0.980785 -0.000000 0.195090 -7.885901 -0.000000 19.038248 -0.000000 0.997859 0.000000 0.065403 -2.689734 0.000000 20.430557 -0.000000 -0.997859 -0.000000 0.065403 2.689734 0.000000 20.430557 0.000000 -0.980785 0.000000 0.195090 7.885901 -0.000000 19.038248 -0.000000 -0.946930 -0.000000 0.321439 12.544656 0.000000 16.348514 0.000000 -0.896873 0.000000 0.442289 16.348514 0.000000 12.544656 0.000000 -0.831470 -0.000000 0.555570 19.038248 -0.000000 7.885901 -0.000000 -0.751840 -0.000000 0.659346 20.430557 0.000000 2.689734 
0.000000 0.751840 0.000000 0.659346 -20.430557 0.000000 2.689734 0.000000 0.831470 0.000000 0.555570 -19.038248 -0.000000 7.885901 0.000000 0.896873 0.000000 0.442289 -16.348514 0.000000 12.544656 0.000000 0.946930 0.000000 0.321439 -12.544656 0.000000 16.348514 0.000000 0.980785 0.000000 0.195090 -7.885901 -0.000000 19.038248 0.000000 0.997859 0.000000 0.065403 -2.689734 0.000000 20.430557 0.000000 -0.997859 0.000000 0.065403 2.689734 0.000000 20.430557 0.000000 -0.980785 0.000000 0.195090 7.885901 -0.000000 19.038248 0.000000 -0.946930 0.000000 0.321439 12.544656 0.000000 16.348514 0.000000 -0.896873 0.000000 0.442289 16.348514 0.000000 12.544656 0.000000 -0.831470 0.000000 0.555570 19.038248 0.000000 7.885901 0.000000 -0.751840 0.000000 0.659346 20.430557 -0.000000 2.689734 
0.000000 0.751840 -0.000000 0.659346 -20.430557 -0.000000 2.689734 0.000000 0.831470 -0.000000 0.555570 -19.038248 -0.000000 7.885901 0.000000 0.896873 -0.000000 0.442289 -16.348514 0.000000 12.544656 0.000000 0.946930 -0.000000 0.321439 -12.544656 -0.000000 16.348514 0.000000 0.980785 -0.000000 0.195090 -7.885901 -0.000000 19.038248 -0.000000 0.997859 -0.000000 0.065403 -2.689734 -0.000000 20.430557 -0.000000 -0.997859 0.000000 0.065403 2.689734 0.000000 20.430557 -0.000000 -0.980785 0.000000 0.195090 7.885901 -0.000000 19.038248 -0.000000 -0.946930 -0.000000 0.321439 12.544656 -0.000000 16.348514 0.000000 -0.896873 -0.000000 0.442289 16.348514 0.000000 12.544656 -0.000000 -0.831470 -0.000000 0.555570 19.038248 0.000000 7.885901 -0.000000 -0.751840 0.000000 0.659346 20.430557 0.000000 2.689734 
0.000000 0.751840 -0.000000 0.659346 -20.430557 0.000000 2.689734 0.000000 0.831470 -0.000000 0.555570 -19.038248 0.000000 7.885901 0.000000 0.896873 -0.000000 0.442289 -16.348514 0.000000 12.544656 0.000000 0.946930 -0.000000 0.321439 -12.544656 0.000000 16.348514 0.000000 0.980785 -0.000000 0.195090 -7.885901 0.000000 19.038248 0.000000 0.997859 -0.000000 0.065403 -2.689734 0.000000 20.430557 -0.000000 -0.997859 0.000000 0.065403 2.689734 0.000000 20.430557 -0.000000 -0.980785 -0.000000 0.195090 7.885901 -0.000000 19.038248 -0.000000 -0.946930 -0.000000 0.321439 12.544656 -0.000000 16.348514 -0.000000 -0.896873 -0.000000 0.442289 16.348514 -0.000000 12.544656 -0.000000 -0.831470 -0.000000 0.555570 19.038248 -0.000000 7.885901 -0.000000 -0.751840 -0.000000 0.659346 20.430557 0.000000 2.689734 
-0.000000 0.751840 -0.000000 0.659346 -20.430556 0.000000 2.689734 -0.000000 0.831470 -0.000000 0.555570 -19.038247 0.000002 7.885901 -0.000000 0.896873 -0.000000 0.442289 -16.348513 0.000004 12.544656 -0.000001 0.946930 -0.000000 0.321439 -12.544655 0.000009 16.348514 -0.000001 0.980785 -0.000001 0.195090 -7.885899 0.000017 19.038248 -0.000001 0.997859 -0.000001 0.065403 -2.689732 0.000024 20.430556 0.000000 -0.997859 0.000001 0.065403 2.689736 0.000029 20.430556 0.000000 -0.980785 0.000001 0.195090 7.885903 0.000029 19.038248 -0.000000 -0.946930 0.000001 0.321439 12.544659 0.000025 16.348515 -0.000001 -0.896873 0.000001 0.442289 16.348516 0.000018 12.544656 -0.000001 -0.831470 0.000001 0.555570 19.038249 0.000008 7.885900 -0.000000 -0.751840 0.000000 0.659346 20.430557 0.000002 2.689734 
0.000000 0.751840 0.000000 0.659346 -20.430557 0.000000 2.689734 0.000000 0.831470 0.000000 0.555570 -19.038248 -0.000000 7.885901 0.000000 0.896873 0.000000 0.442289 -16.348514 0.000000 12.544656 0.000000 0.946930 0.000000 0.321439 -12.544656 0.000000 16.348514 0.000000 0.980785 0.000000 0.195090 -7.885901 0.000000 19.038248 0.000000 0.997859 0.000000 0.065403 -2.689734 -0.000000 20.430557 0.000000 -0.997859 0.000000 0.065403 2.689734 0.000000 20.430557 0.000000 -0.980785 0.000000 0.195090 7.885901 -0.000000 19.038248 0.000000 -0.946930 0.000000 0.321439 12.544656 0.000000 16.348514 0.000000 -0.896873 0.000000 0.442289 16.348514 0.000000 12.544656 0.000000 -0.831470 0.000000 0.555570 19.038248 -0.000000 7.885901 0.000000 -0.751840 0.000000 0.659346 20.430557 0.000000 2.689734 
0.000000 0.751840 -0.000000 0.659346 -20.430557 -0.000000 2.689734 0.000000 0.831470 -0.000000 0.555570 -19.038248 -0.000000 7.885901 0.000000 0.896873 -0.000000 0.442289 -16.348514 -0.000000 12.544656 0.000000 0.946930 -0.000000 0.321439 -12.544656 -0.000000 16.348514 0.000000 0.980785 -0.000000 0.195090 -7.885901 -0.000000 19.038248 0.000000 0.997859 -0.000000 0.065403 -2.689734 -0.000000 20.430557 -0.000000 -0.997859 -0.000000 0.065403 2.689734 0.000000 20.430557 -0.000000 -0.980785 0.000000 0.195090 7.885901 -0.000000 19.038248 -0.000000 -0.946930 -0.000000 0.321439 12.544656 -0.000000 16.348514 0.000000 -0.896873 -0.000000 0.442289 16.348514 0.000000 12.544656 0.000000 -0.831470 -0.000000 0.555570 19.038248 0.000000 7.885901 -0.000000 -0.751840 0.000000 0.659346 20.430557 0.000000 2.689734 
-0.000000 0.751840 -0.000000 0.659346 -20.430555 0.000002 2.689734 -0.000001 0.831470 -0.000000 0.555570 -19.038243 0.000007 7.885900 -0.000001 0.896873 -0.000001 0.442288 -16.348506 0.000015 12.544654 -0.000001 0.946930 -0.000001 0.321439 -12.544646 0.000026 16.348510 -0.000001 0.980785 -0.000001 0.195090 -7.885890 0.000036 19.038244 -0.000000 0.997859 -0.000001 0.065403 -2.689724 0.000044 20.430554 0.000000 -0.997859 0.000001 0.065403 2.689744 0.000046 20.430557 -0.000000 -0.980785 0.000001 0.195090 7.885912 0.000044 19.038251 -0.000001 -0.946930 0.000001 0.321439 12.544668 0.000036 16.348519 -0.000001 -0.896873 0.000001 0.442289 16.348525 0.000024 12.544660 -0.000001 -0.831469 0.000001 0.555571 19.038256 0.000012 7.885902 -0.000001 -0.751840 0.000000 0.659346 20.430560 0.000004 2.689734 
-0.000000 0.751840 0.000000 0.659346 -20.430556 -0.000001 2.689734 0.000000 0.831470 0.000000 0.555570 -19.038247 -0.000002 7.885901 0.000000 0.896873 0.000000 0.442289 -16.348513 -0.000005 12.544656 0.000000 0.946930 0.000000 0.321439 -12.544655 -0.000008 16.348514 0.000000 0.980785 0.000000 0.195090 -7.885900 -0.000011 19.038248 -0.000000 0.997859 0.000000 0.065403 -2.689733 -0.000011 20.430557 0.000000 -0.997859 -0.000000 0.065403 2.689735 -0.000011 20.430557 0.000000 -0.980785 -0.000000 0.195090 7.885902 -0.000009 19.038248 0.000000 -0.946930 -0.000000 0.321439 12.544657 -0.000006 16.348514 0.000000 -0.896873 -0.000000 0.442289 16.348515 -0.000004 12.544656 0.000000 -0.831470 -0.000000 0.555570 19.038249 -0.000001 7.885901 -0.000000 -0.751840 -0.000000 0.659346 20.430558 0.000000 2.689734 
-0.000000 0.751840 0.000000 0.659346 -20.430556 -0.000000 2.689734 -0.000000 0.831470 0.000000 0.555570 -19.038247 0.000000 7.885900 -0.000000 0.896873 0.000000 0.442289 -16.348513 0.000001 12.544656 -0.000000 0.946930 0.000000 0.321439 -12.544655 0.000002 16.348514 -0.000000 0.980785 -0.000000 0.195090 -7.885899 0.000003 19.038248 -0.000000 0.997859 -0.000000 0.065403 -2.689733 0.000003 20.430557 0.000000 -0.997859 0.000000 0.065403 2.689735 0.000003 20.430557 -0.000000 -0.980785 0.000000 0.195090 7.885902 0.000003 19.038248 -0.000000 -0.946930 0.000000 0.321439 12.544657 0.000003 16.348514 -0.000000 -0.896873 0.000000 0.442289 16.348516 0.000002 12.544656 -0.000000 -0.831470 -0.000000 0.555570 19.038249 0.000001 7.885901 -0.000000 -0.751840 -0.000000 0.659346 20.430558 0.000001 2.689734 
-0.000000 0.751840 0.000000 0.659346 -20.430556 -0.000000 2.689734 -0.000000 0.831470 0.000000 0.555570 -19.038247 0.000000 7.885900 -0.000000 0.896873 0.000000 0.442289 -16.348513 0.000001 12.544656 -0.000000 0.946930 0.000000 0.321439 -12.544655 0.000002 16.348514 -0.000000 0.980785 -0.000000 0.195090 -7.885899 0.000003 19.038248 -0.000000 0.997859 -0.000000 0.065403 -2.689733 0.000003 20.430557 0.000000 -0.997859 0.000000 0.065403 2.689735 0.000003 20.430557 -0.000000 -0.980785 0.000000 0.195090 7.885902 0.000003 19.038248 -0.000000 -0.946930 0.000000 0.321439 12.544657 0.000003 16.348514 -0.000000 -0.896873 0.000000 0.442289 16.348516 0.000002 12.544656 -0.000000 -0.831470 -0.000000 0.555570 19.038249 0.000001 7.885901 -0.000000 -0.751840 -0.000000 0.659346 20.430558 0.000001 2.689734 
-0.000000 0.751840 0.000000 0.659346 -20.430556 -0.000000 2.689734 -0.000000 0.831470 0.000000 0.555570 -19.038247 0.000000 7.885900 -0.000000 0.896873 0.000000 0.442289 -16.348513 0.000001 12.544656 -0.000000 0.946930 0.000000 0.321439 -12.544655 0.000002 16.348514 -0.000000 0.980785 -0.000000 0.195090 -7.885899 0.000003 19.038248 -0.000000 0.997859 -0.000000 0.065403 -2.689733 0.000003 20.430557 0.000000 -0.997859 0.000000 0.065403 2.689735 0.000003 20.430557 -0.000000 -0.980785 0.000000 0.195090 7.885902 0.000003 19.038248 -0.000000 -0.946930 0.000000 0.321439 12.544657 0.000003 16.348514 -0.000000 -0.896873 0.000000 0.442289 16.348516 0.000002 12.544656 -0.000000 -0.831470 -0.000000 0.555570 19.038249 0.000001 7.885901 -0.000000 -0.751840 -0.000000 0.659346 20.430558 0.000001 2.689734 
-0.000000 0.751840 0.000000 0.659346 -20.430556 0.000000 2.689734 0.000000 0.831470 0.000000 0.555570 -19.038247 -0.000000 7.885901 0.000000 0.896873 0.000000 0.442289 -16.348513 -0.000001 12.544656 0.000000 0.946930 0.000000 0.321439 -12.544655 -0.000004 16.348514 0.000000 0.980785 0.000000 0.195090 -7.885899 -0.000008 19.038248 0.000000 0.997859 0.000000 0.065403 -2.689732 -0.000012 20.430556 -0.000000 -0.997859 -0.000000 0.065403 2.689735 -0.000015 20.430555 0.000000 -0.980785 -0.000000 0.195090 7.885902 -0.000014 19.038247 0.000000 -0.946930 -0.000000 0.321439 12.544658 -0.000011 16.348514 0.000000 -0.896873 -0.000000 0.442289 16.348517 -0.000007 12.544656 0.000000 -0.831470 -0.000000 0.555570 19.038251 -0.000003 7.885901 0.000000 -0.751840 -0.000000 0.659346 20.430558 -0.000000 2.689734 
0.000000 0.751840 -0.000000 0.659346 -20.430559 -0.000001 2.689734 -0.000000 0.831470 -0.000000 0.555570 -19.038251 0.000000 7.885901 -0.000000 0.896873 -0.000001 0.442288 -16.348516 0.000005 12.544655 -0.000000 0.946930 -0.000001 0.321439 -12.544655 0.000009 16.348510 0.000000 0.980785 -0.000001 0.195090 -7.885898 0.000011 19.038240 0.000000 0.997859 -0.000000 0.065403 -2.689732 0.000010 20.430547 -0.000000 -0.997859 0.000000 0.065403 2.689736 0.000008 20.430547 -0.000000 -0.980785 0.000000 0.195090 7.885902 0.000004 19.038241 -0.000000 -0.946930 -0.000000 0.321439 12.544660 0.000001 16.348512 -0.000000 -0.896873 -0.000000 0.442289 16.348519 0.000000 12.544657 -0.000000 -0.831470 -0.000000 0.555570 19.038253 0.000001 7.885901 -0.000000 -0.751840 -0.000000 0.659346 20.430559 0.000001 2.689734 
0.000000 0.751840 -0.000000 0.659346 -20.430558 -0.000001 2.689734 0.000000 0.831470 -0.000000 0.555570 -19.038248 -0.000001 7.885900 0.000000 0.896873 -0.000000 0.442289 -16.348514 0.000001 12.544656 0.000000 0.946930 -0.000000 0.321439 -12.544655 0.000002 16.348513 0.000000 0.980785 -0.000000 0.195090 -7.885899 0.000003 19.038246 0.000000 0.997859 -0.000000 0.065403 -2.689732 0.000003 20.430555 -0.000000 -0.997859 0.000000 0.065403 2.689735 0.000003 20.430555 -0.000000 -0.980785 0.000000 0.195090 7.885902 0.000002 19.038247 -0.000000 -0.946930 -0.000000 0.321439 12.544658 0.000001 16.348514 -0.000000 -0.896873 -0.000000 0.442289 16.348517 0.000001 12.544657 -0.000000 -0.831470 -0.000000 0.555570 19.038250 0.000001 7.885901 -0.000000 -0.751840 -0.000000 0.659346 20.430558 0.000001 2.689734 
0.000000 0.751840 -0.000000 0.659346 -20.430558 -0.000002 2.689734 0.000000 0.831470 -0.000000 0.555570 -19.038249 -0.000001 7.885900 0.000000 0.896873 -0.000000 0.442289 -16.348514 -0.000000 12.544656 0.000000 0.946930 -0.000001 0.321439 -12.544656 0.000001 16.348514 0.000000 0.980785 -0.000001 0.195090 -7.885900 0.000001 19.038247 0.000000 0.997859 -0.000000 0.065403 -2.689733 0.000000 20.430555 0.000000 -0.997859 0.000000 0.065403 2.689735 -0.000000 20.430554 0.000000 -0.980785 0.000000 0.195090 7.885902 0.000001 19.038246 0.000000 -0.946930 0.000000 0.321439 12.544659 0.000002 16.348514 -0.000000 -0.896873 0.000000 0.442289 16.348519 0.000002 12.544657 -0.000000 -0.831470 0.000000 0.555570 19.038253 0.000002 7.885901 -0.000000 -0.751840 -0.000000 0.659346 20.430560 0.000001 2.689734 
0.000000 0.751840 -0.000000 0.659346 -20.430558 -0.000002 2.689734 0.000000 0.831470 -0.000000 0.555570 -19.038249 -0.000002 7.885900 0.000000 0.896873 -0.000000 0.442289 -16.348514 -0.000001 12.544656 0.000000 0.946930 -0.000000 0.321439 -12.544655 -0.000000 16.348513 0.000000 0.980785 -0.000000 0.195090 -7.885899 -0.000000 19.038246 0.000000 0.997859 -0.000000 0.065403 -2.689733 -0.000000 20.430555 0.000000 -0.997859 0.000000 0.065403 2.689735 -0.000001 20.430555 -0.000000 -0.980785 -0.000000 0.195090 7.885902 -0.000001 19.038247 -0.000000 -0.946930 -0.000000 0.321439 12.544658 -0.000001 16.348514 0.000000 -0.896873 -0.000000 0.442289 16.348517 -0.000000 12.544657 -0.000000 -0.831470 -0.000000 0.555570 19.038251 0.000001 7.885901 -0.000000 -0.751840 -0.000000 0.659346 20.430559 0.000001 2.689734 
0.000000 0.751840 -0.000000 0.659346 -20.430558 -0.000002 2.689734 0.000000 0.831470 -0.000000 0.555570 -19.038249 -0.000002 7.885901 0.000000 0.896873 -0.000000 0.442289 -16.348515 -0.000001 12.544656 0.000000 0.946930 -0.000000 0.321439 -12.544657 -0.000001 16.348514 0.000000 0.980785 -0.000000 0.195090 -7.885900 -0.000001 19.038247 0.000000 0.997859 -0.000000 0.065403 -2.689733 -0.000001 20.430555 0.000000 -0.997859 0.000000 0.065403 2.689735 -0.000002 20.430554 -0.000000 -0.980785 -0.000000 0.195090 7.885902 -0.000002 19.038247 -0.000000 -0.946930 -0.000000 0.321439 12.544659 -0.000002 16.348514 0.000000 -0.896873 -0.000000 0.442289 16.348518 -0.000001 12.544657 -0.000000 -0.831470 -0.000000 0.555570 19.038251 0.000000 7.885901 -0.000000 -0.751840 -0.000000 0.659346 20.430559 0.000001 2.689734 
0.000000 0.751840 -0.000000 0.659346 -20.430558 -0.000002 2.689734 0.000000 0.831470 -0.000000 0.555570 -19.038249 -0.000002 7.885900 0.000000 0.896873 -0.000000 0.442289 -16.348514 -0.000001 12.544656 0.000000 0.946930 -0.000000 0.321439 -12.544656 -0.000000 16.348513 0.000000 0.980785 -0.000000 0.195090 -7.885899 0.000000 19.038246 0.000000 0.997859 0.000000 0.065403 -2.689733 0.000000 20.430555 0.000000 -0.997859 0.000000 0.065403 2.689735 -0.000001 20.430555 -0.000000 -0.980785 -0.000000 0.195090 7.885902 -0.000001 19.038247 -0.000000 -0.946930 -0.000000 0.321439 12.544658 -0.000001 16.348514 -0.000000 -0.896873 -0.000000 0.442289 16.348517 0.000000 12.544656 -0.000000 -0.831470 -0.000000 0.555570 19.038251 0.000001 7.885901 -0.000000 -0.751840 -0.000000 0.659346 20.430559 0.000001 2.689734 
0.000000 0.751840 -0.000000 0.659346 -20.430558 -0.000002 2.689734 0.000000 0.831470 -0.000000 0.555570 -19.038249 -0.000002 7.885900 0.000000 0.896873 -0.000000 0.442289 -16.348514 -0.000001 12.544656 0.000000 0.946930 -0.000000 0.321439 -12.544655 -0.000000 16.348513 0.000000 0.980785 -0.000000 0.195090 -7.885899 0.000000 19.038246 -0.000000 0.997859 0.000000 0.065403 -2.689733 0.000000 20.430555 0.000000 -0.997859 0.000000 0.065403 2.689735 -0.000001 20.430555 -0.000000 -0.980785 -0.000000 0.195090 7.885902 -0.000001 19.038247 -0.000000 -0.946930 -0.000000 0.321439 12.544659 -0.000001 16.348514 -0.000000 -0.896873 -0.000000 0.442289 16.348517 0.000000 12.544657 -0.000000 -0.831470 -0.000000 0.555570 19.038251 0.000001 7.885901 -0.000000 -0.751840 -0.000000 0.659346 20.430559 0.000001 2.689734 
-0.000000 0.751840 0.000000 0.659346 -20.430557 -0.000000 2.689734 0.000000 0.831470 -0.000000 0.555570 -19.038248 -0.000000 7.885901 -0.000000 0.896873 0.000000 0.442289 -16.348514 -0.000000 12.544656 0.000000 0.946930 -0.000000 0.321439 -12.544656 -0.000000 16.348514 -0.000000 0.980785 0.000000 0.195090 -7.885901 -0.000000 19.038248 0.000000 0.997859 0.000000 0.065403 -2.689734 -0.000000 20.430557 0.000000 -0.997859 0.000000 0.065403 2.689734 0.000000 20.430557 -0.000000 -0.980785 -0.000000 0.195090 7.885901 0.000000 19.038248 0.000000 -0.946930 0.000000 0.321439 12.544656 0.000000 16.348514 -0.000000 -0.896873 -0.000000 0.442289 16.348514 -0.000000 12.544656 0.000000 -0.831470 0.000000 0.555570 19.038248 -0.000000 7.885901 -0.000000 -0.751840 -0.000000 0.659346 20.430557 -0.000000 2.689734 
0.000000 0.751840 0.000000 0.659346 -20.430557 0.000000 2.689734 -0.000000 0.831470 -0.000000 0.555570 -19.038248 0.000000 7.885901 0.000000 0.896873 -0.000000 0.442289 -16.348514 0.000000 12.544656 -0.000000 0.946930 0.000000 0.321439 -12.544656 0.000000 16.348514 -0.000000 0.980785 0.000000 0.195090 -7.885901 0.000000 19.038248 -0.000000 0.997859 0.000000 0.065403 -2.689734 -0.000000 20.430557 0.000000 -0.997859 0.000000 0.065403 2.689734 0.000000 20.430557 -0.000000 -0.980785 -0.000000 0.195090 7.885901 0.000000 19.038248 0.000000 -0.946930 0.000000 0.321439 12.544656 0.000000 16.348514 -0.000000 -0.896873 -0.000000 0.442289 16.348514 0.000000 12.544656 0.000000 -0.831470 0.000000 0.555570 19.038248 0.000000 7.885901 -0.000000 -0.751840 -0.000000 0.659346 20.430557 -0.000000 2.689734 
0.000000 0.751840 0.000000 0.659346 -20.430557 -0.000000 2.689734 0.000000 0.831470 0.000000 0.555570 -19.038248 -0.000001 7.885901 0.000000 0.896873 0.000000 0.442289 -16.348514 -0.000002 12.544656 0.000000 0.946930 0.000000 0.321439 -12.544656 -0.000003 16.348514 0.000000 0.980785 0.000000 0.195090 -7.885901 -0.000004 19.038248 0.000000 0.997859 -0.000001 0.065404 -2.689734 -0.000004 20.430558 -0.000000 -0.997859 -0.000001 0.065402 2.689734 -0.000004 20.430555 0.000000 -0.980785 -0.000000 0.195090 7.885901 -0.000004 19.038248 -0.000000 -0.946930 -0.000000 0.321439 12.544656 -0.000003 16.348514 0.000000 -0.896873 0.000000 0.442289 16.348514 -0.000002 12.544656 -0.000000 -0.831470 -0.000000 0.555570 19.038249 -0.000001 7.885901 0.000000 -0.751840 0.000000 0.659346 20.430556 -0.000000 2.689734 
0.000000 0.751840 -0.000000 0.659346 -20.430557 0.000000 2.689734 0.000000 0.831470 -0.000000 0.555570 -19.038248 0.000000 7.885901 0.000000 0.896873 0.000000 0.442289 -16.348515 -0.000001 12.544656 0.000000 0.946930 0.000000 0.321440 -12.544657 -0.000002 16.348515 0.000000 0.980785 0.000000 0.195090 -7.885901 -0.000003 19.038249 0.000000 0.997859 -0.000001 0.065403 -2.689734 -0.000004 20.430557 -0.000000 -0.997859 -0.000001 0.065403 2.689734 -0.000004 20.430550 0.000000 -0.980785 -0.000000 0.195090 7.885901 -0.000004 19.038243 -0.000000 -0.946930 -0.000000 0.321439 12.544659 -0.000004 16.348513 0.000000 -0.896873 0.000000 0.442288 16.348519 -0.000002 12.544657 -0.000000 -0.831470 -0.000000 0.555570 19.038254 -0.000001 7.885902 0.000000 -0.751840 0.000000 0.659346 20.430558 -0.000000 2.689734 
0.000000 0.751840 -0.000000 0.659346 -20.430557 -0.000000 2.689734 0.000000 0.831470 -0.000000 0.555570 -19.038248 -0.000000 7.885901 0.000000 0.896873 -0.000000 0.442289 -16.348514 -0.000001 12.544656 0.000000 0.946930 -0.000000 0.321440 -12.544657 -0.000002 16.348515 0.000000 0.980785 -0.000000 0.195090 -7.885901 -0.000002 19.038249 0.000000 0.997859 -0.000001 0.065403 -2.689734 -0.000003 20.430557 -0.000000 -0.997859 -0.000001 0.065403 2.689734 -0.000004 20.430549 -0.000000 -0.980785 0.000000 0.195090 7.885901 -0.000004 19.038242 -0.000000 -0.946930 -0.000000 0.321439 12.544659 -0.000004 16.348512 0.000000 -0.896873 0.000000 0.442288 16.348520 -0.000002 12.544657 -0.000000 -0.831470 -0.000000 0.555570 19.038256 -0.000001 7.885902 0.000000 -0.751840 0.000000 0.659346 20.430559 -0.000001 2.689734 
